5.930801094677917717e-08 1.033067292155465111e-06 8.808257007331121713e-06 3.676187043311074376e-05 7.510198338422924280e-05 7.510198338422924280e-05 3.676187043311074376e-05 8.808257007331121713e-06 1.033067292155465111e-06 5.930801094677917717e-08
1.033067292155465111e-06 1.799466735974419862e-05 1.534282055217772722e-04 6.403432344086468220e-04 1.308177364990115166e-03 1.308177364990115166e-03 6.403432344086468220e-04 1.534282055217772722e-04 1.799466735974419862e-05 1.033067292155465111e-06
8.808257007331121713e-06 1.534282055217772722e-04 1.308177364990115166e-03 5.459768697619438171e-03 1.115393359214067459e-02 1.115393359214067459e-02 5.459768697619438171e-03 1.308177364990115166e-03 1.534282055217772722e-04 8.808257007331121713e-06
3.676187043311074376e-05 6.403432344086468220e-04 5.459768697619438171e-03 2.278672158718109131e-02 4.655171558260917664e-02 4.655171558260917664e-02 2.278672158718109131e-02 5.459768697619438171e-03 6.403432344086468220e-04 3.676187043311074376e-05
7.510198338422924280e-05 1.308177364990115166e-03 1.115393359214067459e-02 4.655171558260917664e-02 9.510195255279541016e-02 9.510195255279541016e-02 4.655171558260917664e-02 1.115393359214067459e-02 1.308177364990115166e-03 7.510198338422924280e-05
7.510198338422924280e-05 1.308177364990115166e-03 1.115393359214067459e-02 4.655171558260917664e-02 9.510195255279541016e-02 9.510195255279541016e-02 4.655171558260917664e-02 1.115393359214067459e-02 1.308177364990115166e-03 7.510198338422924280e-05
3.676187043311074376e-05 6.403432344086468220e-04 5.459768697619438171e-03 2.278672158718109131e-02 4.655171558260917664e-02 4.655171558260917664e-02 2.278672158718109131e-02 5.459768697619438171e-03 6.403432344086468220e-04 3.676187043311074376e-05
8.808257007331121713e-06 1.534282055217772722e-04 1.308177364990115166e-03 5.459768697619438171e-03 1.115393359214067459e-02 1.115393359214067459e-02 5.459768697619438171e-03 1.308177364990115166e-03 1.534282055217772722e-04 8.808257007331121713e-06
1.033067292155465111e-06 1.799466735974419862e-05 1.534282055217772722e-04 6.403432344086468220e-04 1.308177364990115166e-03 1.308177364990115166e-03 6.403432344086468220e-04 1.534282055217772722e-04 1.799466735974419862e-05 1.033067292155465111e-06
5.930801094677917717e-08 1.033067292155465111e-06 8.808257007331121713e-06 3.676187043311074376e-05 7.510198338422924280e-05 7.510198338422924280e-05 3.676187043311074376e-05 8.808257007331121713e-06 1.033067292155465111e-06 5.930801094677917717e-08
